7 7
1.8116e-05 1.21152e-10 7.71467e-11 -4.01993e-11 3.84601e-12 1.32717e-11 1.46014e-12 
1.21152e-10 1.81158e-05 9.33442e-11 -4.71141e-11 5.25e-12 2.96051e-11 3.23514e-11 
7.71467e-11 9.33442e-11 1.81158e-05 1.70906e-11 7.61975e-11 -8.07101e-11 -5.61413e-12 
-4.01993e-11 -4.71141e-11 1.70906e-11 1.81159e-05 -6.04946e-11 -8.20652e-13 -5.08406e-11 
3.84601e-12 5.25e-12 7.61975e-11 -6.04946e-11 1.81159e-05 -5.54366e-11 1.29871e-10 
1.32717e-11 2.96051e-11 -8.07101e-11 -8.20652e-13 -5.54366e-11 1.81158e-05 3.52029e-11 
1.46014e-12 3.23514e-11 -5.61413e-12 -5.08406e-11 1.29871e-10 3.52029e-11 1.81159e-05 
